[warp]
17
2
19
5
-50
-16
0
[/warp]
[warp]
22
2
29
49
-50
-18
0
[/warp]
[warp]
30
49
21
2
-50
-18
0
[/warp]
[warp]
21
28
25
62
-50
-18
0
[/warp]
[warp]
26
62
20
28
-50
-18
0
[/warp]
[warp]
23
49
71
2
-50
-18
0
[/warp]
[warp]
72
2
22
49
-50
-18
0
[/warp]
[warp]
68
18
99
56
-50
-18
0
[/warp]
[warp]
100
56
69
18
-50
-18
0
[/warp]
[warp]
99
46
90
64
-50
-18
0
[/warp]
[warp]
89
64
100
46
-50
-18
0
[/warp]
[warp]
93
46
50
93
-50
-18
0
[/warp]
[warp]
50
92
94
46
-50
-18
0
[/warp]
[warp]
109
45
129
99
-50
-18
0
[/warp]
[warp]
130
99
109
46
-50
-18
0
[/warp]
[warp]
130
95
106
118
-50
-18
0
[/warp]
[warp]
105
118
129
95
-50
-18
0
[/warp]